    0/2499     1.84G    0.1061   0.04616   0.07383    0.2261       100       640   0.05072   0.01905   0.01951  0.006968   0.08699   0.04617   0.07138
    1/2499      2.2G   0.07727   0.05279   0.06914    0.1992        94       640   0.08449    0.3865    0.1106   0.04446   0.06181   0.03396   0.06742
    2/2499      2.2G   0.05795   0.03768   0.06456    0.1602        96       640    0.1217    0.3893    0.2028    0.0867   0.05243   0.02477   0.06169
    3/2499      2.2G   0.05923   0.02919   0.06058     0.149        75       640    0.1976    0.3672    0.1993   0.08196   0.05193   0.02261   0.05852
    4/2499      2.2G   0.05746   0.02866   0.05833    0.1444       110       640    0.1828     0.467    0.1747   0.06747   0.05537   0.02074   0.05566
    5/2499      2.2G   0.05377   0.02587   0.05459    0.1342       103       640    0.3086     0.315    0.2088   0.08923   0.05065   0.01964   0.05204
    6/2499      2.2G    0.0489   0.02387    0.0521    0.1249       124       640    0.3022    0.3642    0.2874    0.1386    0.0486   0.01876    0.0484
    7/2499      2.2G   0.04817   0.02414   0.04901    0.1213        86       640    0.3582    0.3881    0.3573    0.1899   0.05064   0.01848   0.04595
    8/2499      2.2G   0.04545   0.02334   0.04691    0.1157       106       640    0.3218    0.4247    0.4135    0.2159   0.04089   0.01716   0.04361
    9/2499      2.2G   0.04318   0.02334   0.04534    0.1119        94       640    0.2838    0.7553    0.5126    0.2949   0.03893   0.01718   0.04203
   10/2499      2.2G   0.05072   0.02279   0.04308    0.1166        89       640    0.4426     0.503    0.5227    0.2835    0.0417   0.01757   0.04128
   11/2499      2.2G   0.04669   0.02266   0.04079    0.1101        96       640     0.653    0.4585     0.552    0.2887   0.04183   0.01737    0.0375
   12/2499      2.2G   0.04848   0.02226   0.03909    0.1098        72       640    0.5618    0.5741    0.6017    0.3423   0.04367   0.01685   0.03668
   13/2499      2.2G   0.04414   0.02103   0.03534    0.1005        89       640    0.6101    0.5924    0.6585    0.3742   0.03752   0.01634   0.03249
   14/2499      2.2G   0.04188   0.02062   0.03216   0.09466       107       640    0.4909    0.6891    0.6576    0.4064   0.04181   0.01716   0.02938
   15/2499      2.2G   0.04356    0.0231   0.02744   0.09409        78       640    0.7822    0.6854    0.7969    0.5184   0.03613   0.01719   0.02818
   16/2499      2.2G   0.04528   0.02187    0.0244   0.09155       121       640    0.6148    0.8114    0.7971    0.4287   0.03828   0.01726   0.02517
   17/2499      2.2G   0.04759   0.02227   0.02329   0.09315        77       640    0.7064    0.8418    0.8334    0.4309   0.04122   0.01724   0.02217
   18/2499      2.2G   0.04459   0.02127   0.01972   0.08558        89       640    0.8151    0.8464    0.8612     0.457   0.04439   0.01808   0.01979
   19/2499      2.2G   0.04462   0.02129   0.01669   0.08259       129       640    0.7886    0.8211    0.8253    0.3893   0.04417   0.01742   0.01856
   20/2499      2.2G   0.04028   0.02089   0.01381   0.07498        91       640    0.8182    0.8577    0.8848    0.5879   0.03711   0.01621     0.015
   21/2499      2.2G   0.04105   0.02085   0.01246   0.07436        88       640    0.8797    0.8499    0.8836    0.5963   0.03638   0.01612   0.01467
   22/2499      2.2G    0.0382   0.02128   0.01063   0.07011        73       640    0.8917    0.8457    0.8906    0.5891   0.03457   0.01646   0.01352
   23/2499      2.2G   0.03952   0.01962   0.01051   0.06964        76       640    0.9514     0.862    0.9012    0.6311   0.03376   0.01614   0.01366
   24/2499      2.2G   0.03477   0.01995  0.008799   0.06352        75       640    0.9559    0.8521    0.9028    0.5965   0.03312   0.01644   0.01229
   25/2499      2.2G   0.03505   0.02083  0.008665   0.06454        91       640    0.9609    0.8726       0.9    0.6477   0.03183   0.01579   0.01293
   26/2499      2.2G   0.03293   0.01945  0.007913    0.0603       123       640    0.9166    0.8563    0.8926    0.6127   0.03444   0.01599   0.01309
   27/2499      2.2G   0.03608   0.01913  0.007498   0.06271        81       640    0.9581    0.8778    0.9069    0.5939   0.03253   0.01603   0.01245
   28/2499      2.2G   0.03247   0.01955  0.006973     0.059        95       640    0.9056    0.8644    0.8938    0.6225   0.03198   0.01602   0.01104
   29/2499      2.2G   0.03125   0.01804  0.007228   0.05652        95       640     0.981    0.8683    0.9128    0.6543   0.02889   0.01546   0.01038
   30/2499      2.2G   0.03012   0.01901  0.006253   0.05538       107       640    0.9434    0.8764    0.9131    0.6694   0.02732   0.01526  0.009958
   31/2499      2.2G   0.03244   0.01991  0.006765   0.05912       104       640    0.9591    0.8744    0.9042    0.6684   0.02992   0.01533   0.01121
   32/2499      2.2G   0.02943   0.01858  0.005761   0.05377        77       640    0.9766    0.8666    0.9094    0.6966   0.02838   0.01503  0.009749
   33/2499      2.2G   0.03033   0.01852  0.006094   0.05494        94       640    0.9361    0.9004    0.9079    0.6845    0.0272   0.01475  0.009814
   34/2499      2.2G   0.02885   0.01785  0.005514   0.05221        91       640    0.9316    0.8939    0.9142    0.6976   0.02733   0.01524   0.01051
   35/2499      2.2G   0.02945   0.01886  0.006056   0.05436        64       640    0.9569    0.8813    0.9117    0.6728   0.02724    0.0154  0.009437
   36/2499      2.2G   0.02988   0.01879  0.005593   0.05427        93       640    0.9556    0.8856    0.9144    0.6844   0.02798    0.0152  0.009096
   37/2499      2.2G   0.02933   0.01903  0.005738   0.05411        92       640    0.9843     0.869    0.9136    0.7107   0.02657    0.0153  0.009633
   38/2499      2.2G    0.0283   0.01773  0.005419   0.05145        95       640    0.9585    0.8807    0.9096    0.6685   0.02793   0.01634   0.01033
   39/2499      2.2G   0.02867    0.0189  0.005075   0.05265        97       640      0.95    0.8977     0.915    0.7053   0.02627   0.01492  0.008919
   40/2499      2.2G   0.02646    0.0176  0.004869   0.04893       126       640    0.9507    0.8816    0.9117     0.712   0.02872   0.01473  0.009557
   41/2499      2.2G   0.02776   0.01795   0.00476   0.05048        96       640     0.957    0.8975    0.9133    0.7048   0.02543   0.01527  0.008977
   42/2499      2.2G   0.02741   0.01788  0.004865   0.05016        85       640    0.9627    0.8947    0.9188    0.7039   0.02677   0.01457  0.008834
   43/2499      2.2G   0.02725   0.01774  0.004782   0.04978        86       640    0.9473    0.9024    0.9146     0.695   0.02681   0.01479  0.009528
